572
805
1425
191
444
549
1424
833
522
436
512
1438
537
738
433
708
669
1544
1597
441
316
342
1003
469
161
691
308
872
782
375
539
215
152
268
4246
2096
203
616
216
258
155
221
177
204
170
788
2123
321
6941
1938
7108
2734
852
438
980
636
834
143
1
388
1
1
1
1
1
1733
845
1
525
1
2299
180
1
592
1
1
1
1
1
160
1
160
1
1554
1
225
1
1
1
1
957
20
1
1
1012
1
1178
714
1
1171
1
1
958
1
1088
30
20
19
557
1
291
20
34
1
1270
1
1160
1338
577
1845
342
1
1
1
1343
1
2074
1
1373
197
600
178
1
312
16
439
1
3432
243
1
2921
246
211
489
1073
1
2387
154
93
1
22
107
19
133
1
237
29
4490
24
1699
1
245
1
1
1
1
480
1
1701
299
301
633
221
1
1
1
237
56
1191
186
1
278
63
6
34
451
327
1031
114
236
380
401
366
1166
197
274
455
125
1208
9
426
188
72
239
1152
1015
403
1366
806
236
491
1
290
1664
39
24
21
1820
899
869
413
158
55
262
591
268
1108
329
440
318
298
599
969
511
1314
262
498
1
289
1
146
1
367
425
1
280
1734
497
1
1
1
6287
3332
370
2369
108
502
1043
999
1389
1190
834
1121
33
1384
2194
1772
1192
27
403
725
2509
816
505
341
2
127
545
261
779
157
789
1099
949
260
915
3045
899
2508
511
202
740
1217
940
2633
1015
512
818
859
971
1330
1158
630
614
537
575
639
307
1002
1241
1201
345
981
540
3026
563
560
2565
116
1874
1096
1052
198
1429
880
1650
135
104
116
130
134
112
137
1726
1171
821
469
134
501
829
964
944
780
1328
2935
871
1785
1460
1937
2398
263
378
300
1802
696
